1,2,3,4,5,6,7,8;
17.6394,21.33333,17.5683,24.14843,21921.08,18613.381,969.404,995.944,38.142,0.00933,0.8,3500.0,58.108,990.0,                               29074.469,                               29074.469;
17.6394,21.33333,17.69669,24.53721,20985.193,18989.268,969.987,996.523,38.45,0.00947,0.8,3500.0,58.012,990.0,                               29107.164,                               29107.164;
17.57968,21.66667,17.43618,24.00145,20599.496,18479.93,976.48,1003.017,37.777,0.00932,0.8,3500.0,57.49,990.0,                               28446.041,                               28446.041;
17.57968,21.66667,17.60275,24.51102,22320.342,19683.561,980.349,1006.888,37.952,0.00935,0.8,3500.0,57.672,990.0,                               28970.633,                               28970.633;
17.50831,22.0,17.13553,24.24795,22344.293,20192.346,988.551,1015.098,37.802,0.0093,0.8,3500.0,57.654,990.0,                               27129.973,                               27129.973;
17.50831,22.0,17.13652,24.25562,22337.104,20199.484,988.438,1014.985,37.779,0.00929,0.8,3500.0,57.64,990.0,                               27146.129,                               27146.129;
17.50831,22.0,17.13605,24.25196,22338.301,20194.533,988.191,1014.737,37.726,0.00928,0.8,3500.0,57.601,990.0,                               27130.227,                               27130.227;
17.50831,22.0,17.1358,24.24999,22338.553,20191.264,988.346,1014.892,37.727,0.00928,0.8,3500.0,57.602,990.0,                               27132.072,                               27132.072;
17.50831,22.0,17.13567,24.24898,22088.012,20085.684,986.729,1013.273,37.78,0.00929,0.8,3500.0,57.641,990.0,                               27134.918,                               27134.918;
17.50831,22.0,17.1356,24.24846,22343.154,20192.633,988.507,1015.054,37.8,0.0093,0.8,3500.0,57.652,990.0,                               27133.373,                               27133.373;
17.50831,22.0,17.13557,24.24821,22353.754,20195.248,988.605,1015.151,37.689,0.00927,0.8,3500.0,57.574,990.0,                               27126.287,                               27126.287;
17.50831,22.0,17.13652,24.25562,22337.104,20199.484,988.438,1014.985,37.779,0.00929,0.8,3500.0,57.64,990.0,                               27146.129,                               27146.129;
17.42483,22.33333,16.93452,24.21742,21177.029,20038.875,990.917,1017.452,37.273,0.00916,0.8,3500.0,57.356,990.0,                               27741.963,                               27741.963;
17.42483,22.33333,16.93482,24.22372,21288.738,20093.586,990.915,1017.449,37.159,0.00913,0.8,3500.0,57.276,990.0,                               27072.850,                               27072.850;
17.42483,22.33333,16.93468,24.22071,21175.037,20043.033,990.924,1017.459,37.274,0.00916,0.8,3500.0,57.358,990.0,                               26908.223,                               26908.223;
17.42483,22.33333,16.93461,24.2191,21212.111,20054.842,990.918,1017.453,37.241,0.00915,0.8,3500.0,57.334,990.0,                               26937.279,                               26937.279;
17.42483,22.33333,16.93456,24.21827,21173.037,20038.604,990.921,1017.455,37.277,0.00916,0.8,3500.0,57.359,990.0,                               26914.188,                               26914.188;
17.42483,22.33333,16.93454,24.21785,21266.262,20075.777,990.92,1017.454,37.176,0.00913,0.8,3500.0,57.287,990.0,                               27068.350,                               27068.350;
17.42483,22.33333,16.93453,24.21763,21141.676,20025.27,990.925,1017.46,37.302,0.00916,0.8,3500.0,57.377,990.0,                               26907.887,                               26907.887;
17.42483,22.33333,16.93482,24.22372,21288.738,20093.586,990.915,1017.449,37.159,0.00913,0.8,3500.0,57.276,990.0,                               27072.850,                               27072.850;
17.32878,22.66667,16.75366,24.16557,21340.041,20383.863,998.503,1025.04,37.124,0.00911,0.8,3500.0,57.297,990.0,                               27446.117,                               27446.117;
17.32878,22.66667,16.75404,24.17195,21359.461,20402.051,998.593,1025.13,37.138,0.00911,0.8,3500.0,57.309,990.0,                               27455.176,                               27455.176;
17.32878,22.66667,16.75386,24.16891,21362.287,20399.416,998.601,1025.139,37.152,0.00912,0.8,3500.0,57.318,990.0,                               27484.832,                               27484.832;
17.32878,22.66667,16.75377,24.16728,21361.598,20396.939,998.603,1025.14,37.154,0.00912,0.8,3500.0,57.319,990.0,                               27477.990,                               27477.990;
17.32878,22.66667,16.75371,24.16644,21345.328,20389.354,998.587,1025.125,37.175,0.00912,0.8,3500.0,57.334,990.0,                               27463.766,                               27463.766;
17.32878,22.66667,16.75369,24.16601,21357.365,20393.428,998.59,1025.127,37.163,0.00912,0.8,3500.0,57.325,990.0,                               27456.328,                               27456.328;
17.32878,22.66667,16.75368,24.16579,21364.438,20395.697,998.602,1025.139,37.149,0.00912,0.8,3500.0,57.315,990.0,                               27457.613,                               27457.613;
17.32878,22.66667,16.75404,24.17195,21359.461,20402.051,998.593,1025.13,37.138,0.00911,0.8,3500.0,57.309,990.0,                               27455.176,                               27455.176;
17.21966,23.0,16.65874,24.1311,21356.379,20484.041,1009.488,1036.016,35.622,0.00875,0.8,3500.0,56.236,990.0,                               26475.146,                               26475.146;
17.21966,23.0,16.65947,24.13714,21272.057,20458.012,1009.542,1036.07,35.707,0.00877,0.8,3500.0,56.299,990.0,                               26853.367,                               26853.367;
17.21966,23.0,16.65912,24.13427,21320.314,20473.986,1009.55,1036.078,35.663,0.00876,0.8,3500.0,56.266,990.0,                               27662.303,                               27662.303;
17.21966,23.0,16.65894,24.13273,21328.699,20474.586,1009.51,1036.038,35.647,0.00876,0.8,3500.0,56.254,990.0,                               26533.633,                               26533.633;
17.21966,23.0,16.65883,24.13193,21343.609,20480.219,1009.51,1036.038,35.642,0.00876,0.8,3500.0,56.251,990.0,                               26550.654,                               26550.654;
17.21966,23.0,16.65879,24.13152,21345.404,20480.23,1009.508,1036.036,35.632,0.00876,0.8,3500.0,56.243,990.0,                               26555.547,                               26555.547;
17.21966,23.0,16.65876,24.13131,21330.445,20473.836,1009.507,1036.035,35.645,0.00876,0.8,3500.0,56.253,990.0,                               26558.814,                               26558.814;
17.21966,23.0,16.65947,24.13714,21272.057,20458.012,1009.542,1036.07,35.707,0.00877,0.8,3500.0,56.299,990.0,                               26853.367,                               26853.367;
17.15203,22.83333,16.43908,24.06511,21327.156,20782.486,1005.216,1031.739,34.96,0.00859,0.8,3500.0,55.811,990.0,                               27213.832,                               27213.832;
17.15203,22.83333,16.43935,24.07123,21645.471,20935.393,1006.753,1033.277,35.048,0.00861,0.8,3500.0,55.873,990.0,                               27422.855,                               27422.855;
17.15203,22.83333,16.43921,24.06833,21183.877,20728.289,1006.55,1033.074,35.045,0.00861,0.8,3500.0,55.875,990.0,                               27387.773,                               27387.773;
17.15203,22.83333,16.43915,24.06676,21192.166,20728.648,1006.5,1033.025,35.039,0.0086,0.8,3500.0,55.869,990.0,                               26608.541,                               26608.541;
17.15203,22.83333,16.43912,24.06595,21631.449,20920.783,1006.694,1033.219,35.039,0.00861,0.8,3500.0,55.865,990.0,                               27212.699,                               27212.699;
17.15203,22.83333,16.4391,24.06554,21138.014,20705.262,1006.57,1033.095,35.082,0.00861,0.8,3500.0,55.901,990.0,                               27367.502,                               27367.502;
17.15203,22.83333,16.43909,24.06533,21371.965,20453.818,1003.249,1029.769,34.936,0.00851,0.8,3500.0,56.124,990.0,                               27202.371,                               27202.371;
17.15203,22.83333,16.43934,24.07122,21375.562,20812.252,1005.217,1031.739,34.935,0.00858,0.8,3500.0,55.794,990.0,                               26758.473,                               26758.473;
17.0835,22.66667,16.24899,24.02105,20962.186,20962.186,997.208,1023.744,36.504,0.00892,0.8,3500.0,57.029,990.0,                               26902.664,                               26902.664;
17.0835,22.66667,16.24906,24.02691,20963.348,20963.348,997.141,1023.676,36.497,0.00892,0.8,3500.0,57.033,990.0,                               26928.320,                               26928.320;
17.0835,22.66667,16.24902,24.02413,20973.533,20973.533,997.192,1023.727,36.494,0.00892,0.8,3500.0,57.02,990.0,                               26607.875,                               26607.875;
17.0835,22.66667,16.249,24.02262,20976.18,20976.18,997.222,1023.757,36.494,0.00892,0.8,3500.0,57.016,990.0,                               26604.457,                               26604.457;
17.0835,22.66667,16.24899,24.02184,20980.582,20980.582,997.041,1023.576,36.475,0.00892,0.8,3500.0,56.998,990.0,                               26607.678,                               26607.678;
17.0835,22.66667,16.24899,24.02145,20973.854,20973.854,997.103,1023.638,36.486,0.00892,0.8,3500.0,57.009,990.0,                               27218.855,                               27218.855;
17.0835,22.66667,16.24899,24.02125,20968.076,20968.076,997.215,1023.75,36.5,0.00892,0.8,3500.0,57.022,990.0,                               26468.262,                               26468.262;
17.0835,22.66667,16.24906,24.02691,20963.348,20963.348,997.141,1023.676,36.497,0.00892,0.8,3500.0,57.033,990.0,                               26928.320,                               26928.320;
17.01406,22.5,16.32639,24.01208,21210.896,20936.32,994.839,1021.378,36.626,0.00897,0.8,3500.0,57.05,990.0,                               27250.941,                               27250.941;
17.01406,22.5,16.32781,24.01731,21197.99,20936.703,994.835,1021.374,36.638,0.00897,0.8,3500.0,57.06,990.0,                               26581.188,                               26581.188;
17.01406,22.5,16.32713,24.01482,21245.443,20953.119,994.839,1021.378,36.605,0.00896,0.8,3500.0,57.036,990.0,                               27207.361,                               27207.361;
17.01406,22.5,16.32677,24.01348,21248.705,20952.695,994.844,1021.382,36.601,0.00896,0.8,3500.0,57.033,990.0,                               27240.203,                               27240.203;
17.01406,22.5,16.32658,24.01279,21011.244,20855.141,994.824,1021.364,36.747,0.009,0.8,3500.0,57.139,990.0,                               27222.555,                               27222.555;
17.01406,22.5,16.32648,24.01244,21118.055,20898.549,994.838,1021.377,36.684,0.00898,0.8,3500.0,57.093,990.0,                               26438.996,                               26438.996;
17.01406,22.5,16.32643,24.01226,21185.398,20926.123,994.845,1021.384,36.642,0.00897,0.8,3500.0,57.062,990.0,                               26586.289,                               26586.289;
17.01406,22.5,16.32781,24.01731,21197.99,20936.703,994.835,1021.374,36.638,0.00897,0.8,3500.0,57.06,990.0,                               26581.188,                               26581.188;
16.94372,22.33333,16.36312,23.96469,20091.424,20091.424,990.096,1016.635,36.685,0.00894,0.8,3500.0,57.274,990.0,                               26464.260,                               26464.260;
16.94372,22.33333,16.36502,23.96981,20244.26,20244.26,990.027,1016.566,36.782,0.00898,0.8,3500.0,57.269,990.0,                               26464.672,                               26464.672;
16.94372,22.33333,16.36411,23.96737,20226.027,20226.027,989.952,1016.491,36.788,0.00898,0.8,3500.0,57.281,990.0,                               26650.312,                               26650.312;